65.9857845153689
63.5973088095124
59.7769991514623
72.2306440308729
77.5951411384711
76.8156942054958
56.0259714455649
50.3413340543962
54.7492685879579
52.7967960070819
55.2228021517057
54.4417944068596
54.8216730587974
59.8003382126797
54.2449638007856
50.5765346646635
50.8691288634663
48.3132656426011
48.1296825508361
49.3661986005184
44.6561617443216
45.5014276370117
46.2535737597594
48.4181995419724
50.3372443949586
50.1658259153394
51.3648242237597
47.4150544283087
46.2482147360604
49.4431820640385
47.991751137498
44.7466127204126
43.4331725361001
47.8491690426877
45.1364167556236
42.1545474112943
44.0667405271613
45.7144543725015
46.0057920575067
45.8818419825718
47.0419353350245
50.2562898140006
51.9166570690073
54.0238638321549
53.8288965668895
52.782756438505
54.3159693484215
52.2074344612601
51.8732199260611
52.0613818682603
50.364824894355
59.8123826132278
