85.8500903453645
89.394971797628
70.8089379333412
95.4603728310477
93.3294404691972
83.1265615894989
50.2397118578825
50.8687805587264
77.1231438570992
85.0728062884205
84.6695360636466
90.7459014286254
95.2475758753451
93.0009561698702
84.1559579622726
93.0475393013441
91.4931872475671
90.4124963318448
86.6779714555952
86.9458107778048
79.2770414994652
78.664013209211
84.1054557779119
84.4692147687226
81.8591217607963
76.8810404063278
72.4956486456744
67.4034596542975
61.9675409717683
61.9849446257453
59.392850304194
55.6722840032093
56.810485179925
51.5496214914954
50.9874057077896
51.8290553332088
51.8850819997206
52.4814060607771
50.6442717218951
52.2807985156701
53.9794465699189
57.2807988117137
64.1021096504469
69.5605182113786
77.7808939279253
78.802812619571
79.9595835667504
82.5778261829304
81.0217051719007
87.2764744412995
97.4087702276266
91.210400284703
